10.01664
10.01889
10.02141
10.02421
10.02732
10.03078
10.0346
10.03881
10.04346
10.04856
10.05415
10.06027
10.06694
  0.0742
 0.08208
 0.09063
 0.09986
  0.1098
  0.1205
   0.132
  0.1443
  0.1574
  0.1714
  0.1862
  0.2019
  0.2185
   0.236
  0.2544
  0.2736
  0.2938
  0.3147
  0.3366
  0.3592
  0.3825
  0.4066
  0.4313
  0.4566
  0.4824
  0.5086
  0.5353
  0.5621
  0.5892
  0.6163
  0.6434
  0.6703
   0.697
  0.7233
   0.749
  0.7741
  0.7985
   0.822
  0.8445
  0.8659
   0.886
  0.9048
  0.9222
   0.938
  0.9522
  0.9646
  0.9753
  0.9841
   0.991
   0.996
   0.999
       1
   0.999
   0.996
   0.991
  0.9841
  0.9753
  0.9646
  0.9522
   0.938
  0.9222
  0.9048
   0.886
  0.8659
  0.8445
   0.822
  0.7985
  0.7741
   0.749
  0.7233
   0.697
  0.6703
  0.6434
  0.6163
  0.5892
  0.5621
  0.5353
  0.5086
  0.4824
  0.4566
  0.4313
  0.4066
  0.3825
  0.3592
  0.3366
  0.3147
  0.2938
  0.2736
  0.2544
   0.236
  0.2185
  0.2019
  0.1862
  0.1714
  0.1574
  0.1443
   0.132
  0.1205
  0.1098
 0.09986
 0.09063
 0.08208
  0.0742
 0.06694
 0.06027
 0.05415
 0.04856
 0.04346
 0.03881
  0.0346
 0.03078
 0.02732
 0.02421
 0.02141
 0.01889
